// MilkShape 3D ASCII File
Frames: 30
Frame: 1
Meshes: 6
"bottom" 0 -1
36
1 11.955706 -46.029518 14.090694 0.000000 1.000000 -1
1 11.955706 -39.197685 -12.724247 1.000000 0.000000 -1
1 11.955706 -39.197685 14.090694 0.000000 0.000000 -1
1 11.955706 -39.197685 -12.724247 1.000000 0.000000 -1
1 11.955706 -46.029518 14.090694 0.000000 1.000000 -1
1 11.955706 -46.029518 -12.724247 1.000000 1.000000 -1
1 -11.955706 -46.029518 -12.724247 1.000000 0.000000 -1
1 -11.955706 -39.197685 14.090694 0.000000 1.000000 -1
1 -11.955706 -39.197685 -12.724247 1.000000 1.000000 -1
1 -11.955706 -39.197685 14.090694 0.000000 1.000000 -1
1 -11.955706 -46.029518 -12.724247 1.000000 0.000000 -1
1 -11.955706 -46.029518 14.090694 0.000000 0.000000 -1
1 11.955706 -39.197685 -12.724247 1.000000 1.000000 -1
1 -11.955706 -39.197685 14.090694 0.000000 0.000000 -1
1 11.955706 -39.197685 14.090694 0.000000 1.000000 -1
1 -11.955706 -39.197685 14.090694 0.000000 0.000000 -1
1 11.955706 -39.197685 -12.724247 1.000000 1.000000 -1
1 -11.955706 -39.197685 -12.724247 1.000000 0.000000 -1
1 -11.955706 -46.029518 -12.724247 1.000000 1.000000 -1
1 11.955706 -46.029518 14.090694 0.000000 0.000000 -1
1 -11.955706 -46.029518 14.090694 0.000000 1.000000 -1
1 11.955706 -46.029518 14.090694 0.000000 0.000000 -1
1 -11.955706 -46.029518 -12.724247 1.000000 1.000000 -1
1 11.955706 -46.029518 -12.724247 1.000000 0.000000 -1
1 -11.955706 -39.197685 14.090694 0.000000 1.000000 -1
1 11.955706 -46.029518 14.090694 1.000000 0.000000 -1
1 11.955706 -39.197685 14.090694 0.000000 0.000000 -1
1 11.955706 -46.029518 14.090694 1.000000 0.000000 -1
1 -11.955706 -39.197685 14.090694 0.000000 1.000000 -1
1 -11.955706 -46.029518 14.090694 1.000000 1.000000 -1
1 -11.955706 -46.029518 -12.724247 0.000000 0.000000 -1
1 11.955706 -39.197685 -12.724247 1.000000 1.000000 -1
1 11.955706 -46.029518 -12.724247 1.000000 0.000000 -1
1 11.955706 -39.197685 -12.724247 1.000000 1.000000 -1
1 -11.955706 -46.029518 -12.724247 0.000000 0.000000 -1
1 -11.955706 -39.197685 -12.724247 0.000000 1.000000 -1
12
1.000000 0.000000 0.000000
1.000000 0.000000 0.000000
-1.000000 0.000000 0.000000
-1.000000 0.000000 0.000000
0.000000 1.000000 0.000000
0.000000 1.000000 0.000000
0.000000 -1.000000 0.000000
0.000000 -1.000000 0.000000
0.000000 0.000000 1.000000
0.000000 0.000000 1.000000
0.000000 0.000000 -1.000000
0.000000 0.000000 -1.000000
12
1 0 1 2 0 0 0 1
1 3 4 5 0 0 0 1
1 6 7 8 0 0 0 1
1 9 10 11 0 0 0 1
1 12 13 14 0 0 0 1
1 15 16 17 0 0 0 1
1 18 19 20 0 0 0 1
1 21 22 23 0 0 0 1
1 24 25 26 0 0 0 1
1 27 28 29 0 0 0 1
1 30 31 32 0 0 0 1
1 33 34 35 0 0 0 1
"top" 0 -1
36
1 -11.955706 40.393158 -12.724247 0.000000 0.000000 -1
1 11.955706 47.224991 -12.724247 1.000000 1.000000 -1
1 11.955706 40.393158 -12.724247 1.000000 0.000000 -1
1 11.955706 47.224991 -12.724247 1.000000 1.000000 -1
1 -11.955706 40.393158 -12.724247 0.000000 0.000000 -1
1 -11.955706 47.224991 -12.724247 0.000000 1.000000 -1
1 -11.955706 47.224991 14.090694 0.000000 1.000000 -1
1 11.955706 40.393158 14.090694 1.000000 0.000000 -1
1 11.955706 47.224991 14.090694 0.000000 0.000000 -1
1 11.955706 40.393158 14.090694 1.000000 0.000000 -1
1 -11.955706 47.224991 14.090694 0.000000 1.000000 -1
1 -11.955706 40.393158 14.090694 1.000000 1.000000 -1
1 -11.955706 40.393158 -12.724247 1.000000 1.000000 -1
1 11.955706 40.393158 14.090694 0.000000 0.000000 -1
1 -11.955706 40.393158 14.090694 0.000000 1.000000 -1
1 11.955706 40.393158 14.090694 0.000000 0.000000 -1
1 -11.955706 40.393158 -12.724247 1.000000 1.000000 -1
1 11.955706 40.393158 -12.724247 1.000000 0.000000 -1
1 11.955706 47.224991 -12.724247 1.000000 1.000000 -1
1 -11.955706 47.224991 14.090694 0.000000 0.000000 -1
1 11.955706 47.224991 14.090694 0.000000 1.000000 -1
1 -11.955706 47.224991 14.090694 0.000000 0.000000 -1
1 11.955706 47.224991 -12.724247 1.000000 1.000000 -1
1 -11.955706 47.224991 -12.724247 1.000000 0.000000 -1
1 -11.955706 40.393158 -12.724247 1.000000 0.000000 -1
1 -11.955706 47.224991 14.090694 0.000000 1.000000 -1
1 -11.955706 47.224991 -12.724247 1.000000 1.000000 -1
1 -11.955706 47.224991 14.090694 0.000000 1.000000 -1
1 -11.955706 40.393158 -12.724247 1.000000 0.000000 -1
1 -11.955706 40.393158 14.090694 0.000000 0.000000 -1
1 11.955706 40.393158 14.090694 0.000000 1.000000 -1
1 11.955706 47.224991 -12.724247 1.000000 0.000000 -1
1 11.955706 47.224991 14.090694 0.000000 0.000000 -1
1 11.955706 47.224991 -12.724247 1.000000 0.000000 -1
1 11.955706 40.393158 14.090694 0.000000 1.000000 -1
1 11.955706 40.393158 -12.724247 1.000000 1.000000 -1
12
0.000000 0.000000 -1.000000
0.000000 0.000000 -1.000000
0.000000 0.000000 1.000000
0.000000 0.000000 1.000000
0.000000 -1.000000 0.000000
0.000000 -1.000000 0.000000
0.000000 1.000000 0.000000
0.000000 1.000000 0.000000
-1.000000 0.000000 0.000000
-1.000000 0.000000 0.000000
1.000000 0.000000 0.000000
1.000000 0.000000 0.000000
12
1 0 1 2 0 0 0 1
1 3 4 5 0 0 0 1
1 6 7 8 0 0 0 1
1 9 10 11 0 0 0 1
1 12 13 14 0 0 0 1
1 15 16 17 0 0 0 1
1 18 19 20 0 0 0 1
1 21 22 23 0 0 0 1
1 24 25 26 0 0 0 1
1 27 28 29 0 0 0 1
1 30 31 32 0 0 0 1
1 33 34 35 0 0 0 1
"left" 0 -1
36
1 -46.753445 -12.814671 -11.955707 1.000000 1.000000 -1
1 -39.921616 -12.814671 11.955700 0.000000 0.000000 -1
1 -46.753448 -12.814671 11.955700 0.000000 1.000000 -1
1 -39.921616 -12.814671 11.955700 0.000000 0.000000 -1
1 -46.753445 -12.814671 -11.955707 1.000000 1.000000 -1
1 -39.921612 -12.814671 -11.955707 1.000000 0.000000 -1
1 -39.921612 14.000271 -11.955709 1.000000 0.000000 -1
1 -46.753448 14.000271 11.955699 0.000000 1.000000 -1
1 -39.921616 14.000271 11.955699 1.000000 1.000000 -1
1 -46.753448 14.000271 11.955699 0.000000 1.000000 -1
1 -39.921612 14.000271 -11.955709 1.000000 0.000000 -1
1 -46.753445 14.000271 -11.955709 0.000000 0.000000 -1
1 -39.921616 -12.814671 11.955700 1.000000 1.000000 -1
1 -39.921612 14.000271 -11.955709 0.000000 0.000000 -1
1 -39.921616 14.000271 11.955699 0.000000 1.000000 -1
1 -39.921612 14.000271 -11.955709 0.000000 0.000000 -1
1 -39.921616 -12.814671 11.955700 1.000000 1.000000 -1
1 -39.921612 -12.814671 -11.955707 1.000000 0.000000 -1
1 -46.753445 -12.814671 -11.955707 1.000000 1.000000 -1
1 -46.753448 14.000271 11.955699 0.000000 0.000000 -1
1 -46.753445 14.000271 -11.955709 0.000000 1.000000 -1
1 -46.753448 14.000271 11.955699 0.000000 0.000000 -1
1 -46.753445 -12.814671 -11.955707 1.000000 1.000000 -1
1 -46.753448 -12.814671 11.955700 1.000000 0.000000 -1
1 -46.753448 14.000271 11.955699 0.000000 1.000000 -1
1 -39.921616 -12.814671 11.955700 1.000000 0.000000 -1
1 -39.921616 14.000271 11.955699 0.000000 0.000000 -1
1 -39.921616 -12.814671 11.955700 1.000000 0.000000 -1
1 -46.753448 14.000271 11.955699 0.000000 1.000000 -1
1 -46.753448 -12.814671 11.955700 1.000000 1.000000 -1
1 -46.753445 -12.814671 -11.955707 1.000000 0.000000 -1
1 -39.921612 14.000271 -11.955709 0.000000 1.000000 -1
1 -39.921612 -12.814671 -11.955707 1.000000 1.000000 -1
1 -39.921612 14.000271 -11.955709 0.000000 1.000000 -1
1 -46.753445 -12.814671 -11.955707 1.000000 0.000000 -1
1 -46.753445 14.000271 -11.955709 0.000000 0.000000 -1
12
0.000000 -1.000000 0.000000
0.000000 -1.000000 0.000000
0.000000 1.000000 0.000000
0.000000 1.000000 0.000000
1.000000 0.000000 0.000000
1.000000 0.000000 0.000000
-1.000000 -0.000000 -0.000000
-1.000000 -0.000000 -0.000000
0.000000 0.000000 1.000000
0.000000 0.000000 1.000000
0.000000 -0.000000 -1.000000
0.000000 -0.000000 -1.000000
12
1 0 1 2 0 0 0 1
1 3 4 5 0 0 0 1
1 6 7 8 0 0 0 1
1 9 10 11 0 0 0 1
1 12 13 14 0 0 0 1
1 15 16 17 0 0 0 1
1 18 19 20 0 0 0 1
1 21 22 23 0 0 0 1
1 24 25 26 0 0 0 1
1 27 28 29 0 0 0 1
1 30 31 32 0 0 0 1
1 33 34 35 0 0 0 1
"right" 0 -1
36
1 41.377186 -13.156262 -11.955707 1.000000 0.000000 -1
1 48.209019 13.658679 -11.955709 0.000000 1.000000 -1
1 48.209019 -13.156262 -11.955707 1.000000 1.000000 -1
1 48.209019 13.658679 -11.955709 0.000000 1.000000 -1
1 41.377186 -13.156262 -11.955707 1.000000 0.000000 -1
1 41.377186 13.658679 -11.955709 0.000000 0.000000 -1
1 41.377182 13.658679 11.955699 0.000000 1.000000 -1
1 48.209015 -13.156262 11.955700 1.000000 0.000000 -1
1 48.209015 13.658679 11.955699 0.000000 0.000000 -1
1 48.209015 -13.156262 11.955700 1.000000 0.000000 -1
1 41.377182 13.658679 11.955699 0.000000 1.000000 -1
1 41.377182 -13.156262 11.955700 1.000000 1.000000 -1
1 41.377186 -13.156262 -11.955707 1.000000 1.000000 -1
1 41.377182 13.658679 11.955699 0.000000 0.000000 -1
1 41.377186 13.658679 -11.955709 0.000000 1.000000 -1
1 41.377182 13.658679 11.955699 0.000000 0.000000 -1
1 41.377186 -13.156262 -11.955707 1.000000 1.000000 -1
1 41.377182 -13.156262 11.955700 1.000000 0.000000 -1
1 48.209015 -13.156262 11.955700 1.000000 1.000000 -1
1 48.209019 13.658679 -11.955709 0.000000 0.000000 -1
1 48.209015 13.658679 11.955699 0.000000 1.000000 -1
1 48.209019 13.658679 -11.955709 0.000000 0.000000 -1
1 48.209015 -13.156262 11.955700 1.000000 1.000000 -1
1 48.209019 -13.156262 -11.955707 1.000000 0.000000 -1
1 48.209019 13.658679 -11.955709 1.000000 0.000000 -1
1 41.377182 13.658679 11.955699 0.000000 1.000000 -1
1 48.209015 13.658679 11.955699 1.000000 1.000000 -1
1 41.377182 13.658679 11.955699 0.000000 1.000000 -1
1 48.209019 13.658679 -11.955709 1.000000 0.000000 -1
1 41.377186 13.658679 -11.955709 0.000000 0.000000 -1
1 41.377186 -13.156262 -11.955707 1.000000 1.000000 -1
1 48.209015 -13.156262 11.955700 0.000000 0.000000 -1
1 41.377182 -13.156262 11.955700 0.000000 1.000000 -1
1 48.209015 -13.156262 11.955700 0.000000 0.000000 -1
1 41.377186 -13.156262 -11.955707 1.000000 1.000000 -1
1 48.209019 -13.156262 -11.955707 1.000000 0.000000 -1
12
0.000000 -0.000000 -1.000000
0.000000 -0.000000 -1.000000
0.000000 0.000000 1.000000
0.000000 0.000000 1.000000
-1.000000 -0.000000 -0.000000
-1.000000 -0.000000 -0.000000
1.000000 0.000000 0.000000
1.000000 0.000000 0.000000
0.000000 1.000000 0.000000
0.000000 1.000000 0.000000
0.000000 -1.000000 0.000000
0.000000 -1.000000 0.000000
12
1 0 1 2 0 0 0 1
1 3 4 5 0 0 0 1
1 6 7 8 0 0 0 1
1 9 10 11 0 0 0 1
1 12 13 14 0 0 0 1
1 15 16 17 0 0 0 1
1 18 19 20 0 0 0 1
1 21 22 23 0 0 0 1
1 24 25 26 0 0 0 1
1 27 28 29 0 0 0 1
1 30 31 32 0 0 0 1
1 33 34 35 0 0 0 1
"front" 0 -1
36
1 -11.911060 -12.473034 42.015762 0.000000 1.000000 -1
1 12.000351 -12.473034 48.847595 1.000000 0.000000 -1
1 -11.911060 -12.473034 48.847595 0.000000 0.000000 -1
1 12.000351 -12.473034 48.847595 1.000000 0.000000 -1
1 -11.911060 -12.473034 42.015762 0.000000 1.000000 -1
1 12.000351 -12.473034 42.015762 1.000000 1.000000 -1
1 12.000351 14.341906 42.015762 0.000000 0.000000 -1
1 -11.911060 14.341906 48.847595 1.000000 1.000000 -1
1 12.000351 14.341906 48.847595 1.000000 0.000000 -1
1 -11.911060 14.341906 48.847595 1.000000 1.000000 -1
1 12.000351 14.341906 42.015762 0.000000 0.000000 -1
1 -11.911060 14.341906 42.015762 0.000000 1.000000 -1
1 -11.911060 14.341906 48.847595 0.000000 1.000000 -1
1 12.000351 -12.473034 48.847595 1.000000 0.000000 -1
1 12.000351 14.341906 48.847595 0.000000 0.000000 -1
1 12.000351 -12.473034 48.847595 1.000000 0.000000 -1
1 -11.911060 14.341906 48.847595 0.000000 1.000000 -1
1 -11.911060 -12.473034 48.847595 1.000000 1.000000 -1
1 -11.911060 -12.473034 42.015762 1.000000 0.000000 -1
1 12.000351 14.341906 42.015762 0.000000 1.000000 -1
1 12.000351 -12.473034 42.015762 1.000000 1.000000 -1
1 12.000351 14.341906 42.015762 0.000000 1.000000 -1
1 -11.911060 -12.473034 42.015762 1.000000 0.000000 -1
1 -11.911060 14.341906 42.015762 0.000000 0.000000 -1
1 -11.911060 -12.473034 42.015762 1.000000 1.000000 -1
1 -11.911060 14.341906 48.847595 0.000000 0.000000 -1
1 -11.911060 14.341906 42.015762 0.000000 1.000000 -1
1 -11.911060 14.341906 48.847595 0.000000 0.000000 -1
1 -11.911060 -12.473034 42.015762 1.000000 1.000000 -1
1 -11.911060 -12.473034 48.847595 1.000000 0.000000 -1
1 12.000351 -12.473034 48.847595 1.000000 1.000000 -1
1 12.000351 14.341906 42.015762 0.000000 0.000000 -1
1 12.000351 14.341906 48.847595 0.000000 1.000000 -1
1 12.000351 14.341906 42.015762 0.000000 0.000000 -1
1 12.000351 -12.473034 48.847595 1.000000 1.000000 -1
1 12.000351 -12.473034 42.015762 1.000000 0.000000 -1
12
0.000000 -1.000000 0.000000
0.000000 -1.000000 0.000000
0.000000 1.000000 0.000000
0.000000 1.000000 0.000000
0.000000 0.000000 1.000000
0.000000 0.000000 1.000000
0.000000 0.000000 -1.000000
0.000000 0.000000 -1.000000
-1.000000 0.000000 0.000000
-1.000000 0.000000 0.000000
1.000000 0.000000 0.000000
1.000000 0.000000 0.000000
12
1 0 1 2 0 0 0 1
1 3 4 5 0 0 0 1
1 6 7 8 0 0 0 1
1 9 10 11 0 0 0 1
1 12 13 14 0 0 0 1
1 15 16 17 0 0 0 1
1 18 19 20 0 0 0 1
1 21 22 23 0 0 0 1
1 24 25 26 0 0 0 1
1 27 28 29 0 0 0 1
1 30 31 32 0 0 0 1
1 33 34 35 0 0 0 1
"back" 0 -1
36
1 12.297297 -12.980480 -41.332581 1.000000 1.000000 -1
1 12.297297 13.834459 -48.164413 0.000000 0.000000 -1
1 12.297297 13.834459 -41.332581 0.000000 1.000000 -1
1 12.297297 13.834459 -48.164413 0.000000 0.000000 -1
1 12.297297 -12.980480 -41.332581 1.000000 1.000000 -1
1 12.297297 -12.980480 -48.164413 1.000000 0.000000 -1
1 -11.614114 -12.980480 -48.164413 1.000000 1.000000 -1
1 -11.614114 13.834459 -41.332581 0.000000 0.000000 -1
1 -11.614114 13.834459 -48.164413 0.000000 1.000000 -1
1 -11.614114 13.834459 -41.332581 0.000000 0.000000 -1
1 -11.614114 -12.980480 -48.164413 1.000000 1.000000 -1
1 -11.614114 -12.980480 -41.332581 1.000000 0.000000 -1
1 -11.614114 -12.980480 -48.164413 1.000000 0.000000 -1
1 12.297297 13.834459 -48.164413 0.000000 1.000000 -1
1 12.297297 -12.980480 -48.164413 1.000000 1.000000 -1
1 12.297297 13.834459 -48.164413 0.000000 1.000000 -1
1 -11.614114 -12.980480 -48.164413 1.000000 0.000000 -1
1 -11.614114 13.834459 -48.164413 0.000000 0.000000 -1
1 -11.614114 13.834459 -41.332581 0.000000 1.000000 -1
1 12.297297 -12.980480 -41.332581 1.000000 0.000000 -1
1 12.297297 13.834459 -41.332581 0.000000 0.000000 -1
1 12.297297 -12.980480 -41.332581 1.000000 0.000000 -1
1 -11.614114 13.834459 -41.332581 0.000000 1.000000 -1
1 -11.614114 -12.980480 -41.332581 1.000000 1.000000 -1
1 12.297297 13.834459 -48.164413 0.000000 0.000000 -1
1 -11.614114 13.834459 -41.332581 1.000000 1.000000 -1
1 12.297297 13.834459 -41.332581 1.000000 0.000000 -1
1 -11.614114 13.834459 -41.332581 1.000000 1.000000 -1
1 12.297297 13.834459 -48.164413 0.000000 0.000000 -1
1 -11.614114 13.834459 -48.164413 0.000000 1.000000 -1
1 -11.614114 -12.980480 -48.164413 0.000000 1.000000 -1
1 12.297297 -12.980480 -41.332581 1.000000 0.000000 -1
1 -11.614114 -12.980480 -41.332581 0.000000 0.000000 -1
1 12.297297 -12.980480 -41.332581 1.000000 0.000000 -1
1 -11.614114 -12.980480 -48.164413 0.000000 1.000000 -1
1 12.297297 -12.980480 -48.164413 1.000000 1.000000 -1
12
1.000000 0.000000 0.000000
1.000000 0.000000 0.000000
-1.000000 0.000000 0.000000
-1.000000 0.000000 0.000000
0.000000 0.000000 -1.000000
0.000000 0.000000 -1.000000
0.000000 0.000000 1.000000
0.000000 0.000000 1.000000
0.000000 1.000000 0.000000
0.000000 1.000000 0.000000
0.000000 -1.000000 0.000000
0.000000 -1.000000 0.000000
12
1 0 1 2 0 0 0 1
1 3 4 5 0 0 0 1
1 6 7 8 0 0 0 1
1 9 10 11 0 0 0 1
1 12 13 14 0 0 0 1
1 15 16 17 0 0 0 1
1 18 19 20 0 0 0 1
1 21 22 23 0 0 0 1
1 24 25 26 0 0 0 1
1 27 28 29 0 0 0 1
1 30 31 32 0 0 0 1
1 33 34 35 0 0 0 1
Materials: 0
Bones:0
